<?xml version="1.0" encoding="utf-8"?>
<COLLADA xmlns="http://www.collada.org/2005/11/COLLADASchema" version="1.4.1">
  <asset>
    <contributor>
      <author>Mixamo</author>
      <authoring_tool>COLLADA Mixamo exporter</authoring_tool>
      <comments/>
    </contributor>
    <created>2026-01-04T03:20:21Z</created>
    <modified>2026-01-04T03:20:21Z</modified>
    <revision/>
    <title/>
    <unit meter="0.010000"/>
    <up_axis>Y_UP</up_axis>
  </asset>
  <library_animations>
    <animation id="mixamorig_Hips-anim" name="mixamorig_Hips">
      <source id="mixamorig_Hips-Matrix-animation-input">
        <float_array id="mixamorig_Hips-Matrix-animation-input-array" count="390">

0.000000 0.033333 0.066667 0.100000 0.133333 0.166667 0.200000 0.233333 0.266667 0.300000 0.333333 0.366667 0.400000 0.433333 0.466667 0.500000
0.533333 0.566667 0.600000 0.633333 0.666667 0.700000 0.733333 0.766667 0.800000 0.833333 0.866667 0.900000 0.933333 0.966667 1.000000 1.033333
1.066667 1.100000 1.133333 1.166667 1.200000 1.233333 1.266667 1.300000 1.333333 1.366667 1.400000 1.433333 1.466667 1.500000 1.533333 1.566667
1.600000 1.633333 1.666667 1.700000 1.733333 1.766667 1.800000 1.833333 1.866667 1.900000 1.933333 1.966667 2.000000 2.033333 2.066667 2.100000
2.133333 2.166667 2.200000 2.233333 2.266667 2.300000 2.333333 2.366667 2.400000 2.433333 2.466667 2.500000 2.533333 2.566667 2.600000 2.633333
2.666667 2.700000 2.733333 2.766667 2.800000 2.833333 2.866667 2.900000 2.933333 2.966667 3.000000 3.033333 3.066667 3.100000 3.133333 3.166667
3.200000 3.233333 3.266667 3.300000 3.333333 3.366667 3.400000 3.433333 3.466667 3.500000 3.533333 3.566667 3.600000 3.633333 3.666667 3.700000
3.733333 3.766667 3.800000 3.833333 3.866667 3.900000 3.933333 3.966667 4.000000 4.033333 4.066667 4.100000 4.133333 4.166667 4.200000 4.233333
4.266667 4.300000 4.333333 4.366667 4.400000 4.433333 4.466667 4.500000 4.533333 4.566667 4.600000 4.633333 4.666667 4.700000 4.733333 4.766667
4.800000 4.833333 4.866667 4.900000 4.933333 4.966667 5.000000 5.033333 5.066667 5.100000 5.133333 5.166667 5.200000 5.233333 5.266667 5.300000
5.333333 5.366667 5.400000 5.433333 5.466667 5.500000 5.533333 5.566667 5.600000 5.633333 5.666667 5.700000 5.733333 5.766667 5.800000 5.833333
5.866667 5.900000 5.933333 5.966667 6.000000 6.033333 6.066667 6.100000 6.133333 6.166667 6.200000 6.233333 6.266667 6.300000 6.333333 6.366667
6.400000 6.433333 6.466667 6.500000 6.533333 6.566667 6.600000 6.633333 6.666667 6.700000 6.733333 6.766667 6.800000 6.833333 6.866667 6.900000
6.933333 6.966667 7.000000 7.033333 7.066667 7.100000 7.133333 7.166667 7.200000 7.233333 7.266667 7.300000 7.333333 7.366667 7.400000 7.433333
7.466667 7.500000 7.533333 7.566667 7.600000 7.633333 7.666667 7.700000 7.733333 7.766667 7.800000 7.833333 7.866667 7.900000 7.933333 7.966667
8.000000 8.033333 8.066667 8.100000 8.133333 8.166667 8.200000 8.233333 8.266667 8.300000 8.333333 8.366667 8.400000 8.433333 8.466667 8.500000
8.533333 8.566667 8.600000 8.633333 8.666667 8.700000 8.733333 8.766667 8.800000 8.833333 8.866667 8.900000 8.933333 8.966667 9.000000 9.033333
9.066667 9.100000 9.133333 9.166667 9.200000 9.233333 9.266667 9.300000 9.333333 9.366667 9.400000 9.433333 9.466667 9.500000 9.533333 9.566667
9.600000 9.633333 9.666667 9.700000 9.733333 9.766667 9.800000 9.833333 9.866667 9.900000 9.933333 9.966667 10.000000 10.033333 10.066667 10.100000
10.133333 10.166667 10.200000 10.233333 10.266667 10.300000 10.333333 10.366667 10.400000 10.433333 10.466667 10.500000 10.533333 10.566667 10.600000 10.633333
10.666667 10.700000 10.733333 10.766667 10.800000 10.833333 10.866667 10.900000 10.933333 10.966667 11.000000 11.033333 11.066667 11.100000 11.133333 11.166667
11.200000 11.233333 11.266667 11.300000 11.333333 11.366667 11.400000 11.433333 11.466667 11.500000 11.533333 11.566667 11.600000 11.633333 11.666667 11.700000
11.733333 11.766667 11.800000 11.833333 11.866667 11.900000 11.933333 11.966667 12.000000 12.033333 12.066667 12.100000 12.133333 12.166667 12.200000 12.233333
12.266667 12.300000 12.333333 12.366667 12.400000 12.433333 12.466667 12.500000 12.533333 12.566667 12.600000 12.633333 12.666667 12.700000 12.733333 12.766667
12.800000 12.833333 12.866667 12.900000 12.933333 12.966667</float_array>
        <technique_common>
          <accessor source="#mixamorig_Hips-Matrix-animation-input-array" count="390">
            <param name="TIME" type="float"/>
          </accessor>
        </technique_common>
      </source>
      <source id="mixamorig_Hips-Matrix-animation-output-transform">
        <float_array id="mixamorig_Hips-Matrix-animation-output-transform-array" count="6240">

0.474250 0.009446 0.880339 -0.032471 -0.069761 0.997202 0.026881 0.945696 -0.877622 -0.074161 0.473582 0.104996 0.000000 0.000000 0.000000 1.000000
0.474721 0.008459 0.880096 -0.034435 -0.068601 0.997267 0.027419 0.945631 -0.877459 -0.073392 0.474004 0.106480 0.000000 0.000000 0.000000 1.000000
0.475204 0.007460 0.879844 -0.036209 -0.067430 0.997332 0.027963 0.945589 -0.877288 -0.072616 0.474440 0.107556 0.000000 0.000000 0.000000 1.000000
0.475698 0.006449 0.879585 -0.037816 -0.066241 0.997396 0.028512 0.945545 -0.877111 -0.071828 0.474887 0.108293 0.000000 0.000000 0.000000 1.000000
0.476204 0.005432 0.879318 -0.039373 -0.065049 0.997459 0.029066 0.945536 -0.876926 -0.071040 0.475347 0.108591 0.000000 0.000000 0.000000 1.000000
0.476717 0.004412 0.879045 -0.040638 -0.063855 0.997519 0.029622 0.945551 -0.876734 -0.070253 0.475817 0.108703 0.000000 0.000000 0.000000 1.000000
0.477244 0.003392 0.878764 -0.042042 -0.062663 0.997578 0.030181 0.945599 -0.876534 -0.069470 0.476301 0.108194 0.000000 0.000000 0.000000 1.000000
0.477777 0.002375 0.878478 -0.043123 -0.061479 0.997635 0.030740 0.945697 -0.876327 -0.068695 0.476793 0.107425 0.000000 0.000000 0.000000 1.000000
0.478318 0.001357 0.878186 -0.044057 -0.060290 0.997690 0.031297 0.945843 -0.876115 -0.067916 0.477295 0.106195 0.000000 0.000000 0.000000 1.000000
0.478863 0.000348 0.877889 -0.044593 -0.059119 0.997743 0.031852 0.945973 -0.875897 -0.067152 0.477803 0.104744 0.000000 0.000000 0.000000 1.000000
0.479414 -0.000650 0.877589 -0.044928 -0.057966 0.997793 0.032404 0.946062 -0.875673 -0.066405 0.478318 0.102922 0.000000 0.000000 0.000000 1.000000
0.479968 -0.001634 0.877284 -0.045020 -0.056834 0.997840 0.032953 0.946128 -0.875443 -0.065676 0.478838 0.100836 0.000000 0.000000 0.000000 1.000000
0.480529 -0.002602 0.876975 -0.045002 -0.055727 0.997884 0.033496 0.946184 -0.875206 -0.064966 0.479367 0.098419 0.000000 0.000000 0.000000 1.000000
0.481092 -0.003545 0.876663 -0.044667 -0.054663 0.997925 0.034033 0.946237 -0.874964 -0.064294 0.479899 0.095894 0.000000 0.000000 0.000000 1.000000
0.481657 -0.004459 0.876348 -0.044231 -0.053649 0.997961 0.034564 0.946285 -0.874716 -0.063663 0.480436 0.093255 0.000000 0.000000 0.000000 1.000000
0.482223 -0.005341 0.876032 -0.043391 -0.052691 0.997994 0.035089 0.946328 -0.874463 -0.063080 0.480974 0.090626 0.000000 0.000000 0.000000 1.000000
0.482791 -0.006188 0.875714 -0.042410 -0.051790 0.998023 0.035605 0.946366 -0.874203 -0.062543 0.481516 0.087883 0.000000 0.000000 0.000000 1.000000
0.483360 -0.006996 0.875394 -0.041112 -0.050953 0.998048 0.036111 0.946399 -0.873938 -0.062059 0.482060 0.084943 0.000000 0.000000 0.000000 1.000000
0.483932 -0.007763 0.875071 -0.039753 -0.050186 0.998069 0.036608 0.946424 -0.873665 -0.061632 0.482608 0.081896 0.000000 0.000000 0.000000 1.000000
0.484505 -0.008483 0.874747 -0.038290 -0.049495 0.998085 0.037094 0.946414 -0.873387 -0.061267 0.483158 0.078819 0.000000 0.000000 0.000000 1.000000
0.485080 -0.009150 0.874422 -0.036790 -0.048893 0.998097 0.037567 0.946369 -0.873102 -0.060976 0.483710 0.075742 0.000000 0.000000 0.000000 1.000000
0.485654 -0.009767 0.874096 -0.035120 -0.048372 0.998105 0.038028 0.946294 -0.872811 -0.060750 0.484262 0.072682 0.000000 0.000000 0.000000 1.000000
0.486230 -0.010335 0.873770 -0.033429 -0.047939 0.998109 0.038482 0.946219 -0.872515 -0.060598 0.484815 0.069561 0.000000 0.000000 0.000000 1.000000
0.486806 -0.010830 0.873443 -0.031692 -0.047602 0.998108 0.038906 0.946140 -0.872212 -0.060517 0.485369 0.066417 0.000000 0.000000 0.000000 1.000000
0.487384 -0.011263 0.873115 -0.030288 -0.047379 0.998103 0.039323 0.946069 -0.871901 -0.060533 0.485926 0.063396 0.000000 0.000000 0.000000 1.000000
0.487974 -0.011558 0.872781 -0.028861 -0.047391 0.998087 0.039714 0.946018 -0.871571 -0.060741 0.486493 0.060586 0.000000 0.000000 0.000000 1.000000
0.488694 -0.011145 0.872384 -0.027638 -0.048429 0.998030 0.039879 0.946000 -0.871110 -0.061737 0.487192 0.058007 0.000000 0.000000 0.000000 1.000000
0.489619 -0.010259 0.871876 -0.026303 -0.049649 0.997980 0.039624 0.946007 -0.870522 -0.062689 0.488121 0.055751 0.000000 0.000000 0.000000 1.000000
0.490940 -0.009209 0.871145 -0.025216 -0.050903 0.997933 0.039237 0.946063 -0.869705 -0.063607 0.489456 0.053662 0.000000 0.000000 0.000000 1.000000
0.492666 -0.007868 0.870183 -0.024238 -0.052261 0.997887 0.038611 0.946140 -0.868648 -0.064499 0.491214 0.051739 0.000000 0.000000 0.000000 1.000000
0.494895 -0.006299 0.868930 -0.023462 -0.053698 0.997841 0.037816 0.946248 -0.867292 -0.065375 0.493488 0.050110 0.000000 0.000000 0.000000 1.000000
0.497535 -0.004460 0.867433 -0.022833 -0.055248 0.997794 0.036819 0.946340 -0.865683 -0.066242 0.496191 0.048728 0.000000 0.000000 0.000000 1.000000
0.500442 -0.002491 0.865766 -0.022350 -0.056857 0.997743 0.035736 0.946423 -0.863901 -0.067109 0.499171 0.047664 0.000000 0.000000 0.000000 1.000000
0.503412 -0.000460 0.864046 -0.022008 -0.058401 0.997695 0.034557 0.946487 -0.862071 -0.067857 0.502225 0.046954 0.000000 0.000000 0.000000 1.000000
0.506162 0.001514 0.862437 -0.021869 -0.059843 0.997650 0.033370 0.946559 -0.860360 -0.068501 0.505063 0.046631 0.000000 0.000000 0.000000 1.000000
0.508481 0.003419 0.861067 -0.021911 -0.061205 0.997606 0.032183 0.946645 -0.858895 -0.069066 0.507473 0.046710 0.000000 0.000000 0.000000 1.000000
0.510291 0.005201 0.859986 -0.022138 -0.062405 0.997569 0.030997 0.946743 -0.857735 -0.069484 0.509375 0.047218 0.000000 0.000000 0.000000 1.000000
0.511545 0.006822 0.859229 -0.022475 -0.063423 0.997541 0.029839 0.946866 -0.856912 -0.069759 0.510720 0.048128 0.000000 0.000000 0.000000 1.000000
0.512395 0.008211 0.858711 -0.022903 -0.064166 0.997525 0.028750 0.947000 -0.856350 -0.069832 0.511653 0.049478 0.000000 0.000000 0.000000 1.000000
0.512950 0.009445 0.858367 -0.023373 -0.064544 0.997533 0.027595 0.947151 -0.855989 -0.069557 0.512294 0.051115 0.000000 0.000000 0.000000 1.000000
0.513397 0.010383 0.858088 -0.023865 -0.064533 0.997563 0.026540 0.947310 -0.855721 -0.069000 0.512816 0.052983 0.000000 0.000000 0.000000 1.000000
0.513796 0.011231 0.857839 -0.024375 -0.064206 0.997613 0.025395 0.947473 -0.855506 -0.068126 0.513291 0.055221 0.000000 0.000000 0.000000 1.000000
0.514337 0.011824 0.857507 -0.024804 -0.063442 0.997690 0.024297 0.947644 -0.855238 -0.066899 0.513899 0.057485 0.000000 0.000000 0.000000 1.000000
0.515061 0.012412 0.857064 -0.025275 -0.062577 0.997771 0.023157 0.947793 -0.854866 -0.065560 0.514689 0.060125 0.000000 0.000000 0.000000 1.000000
0.516028 0.013039 0.856472 -0.025698 -0.061298 0.997883 0.021740 0.947922 -0.854375 -0.063718 0.515735 0.062595 0.000000 0.000000 0.000000 1.000000
0.517291 0.013689 0.855700 -0.026150 -0.060043 0.997989 0.020331 0.948004 -0.853701 -0.061896 0.517073 0.065117 0.000000 0.000000 0.000000 1.000000
0.518779 0.014457 0.854786 -0.026585 -0.058472 0.998116 0.018606 0.948034 -0.852907 -0.059633 0.518646 0.067578 0.000000 0.000000 0.000000 1.000000
0.520543 0.015239 0.853699 -0.026975 -0.056592 0.998258 0.016687 0.948035 -0.851958 -0.056999 0.520499 0.069945 0.000000 0.000000 0.000000 1.000000
0.522475 0.016031 0.852504 -0.027353 -0.054794 0.998388 0.014807 0.948002 -0.850892 -0.054449 0.522511 0.072225 0.000000 0.000000 0.000000 1.000000
0.524575 0.016776 0.851199 -0.027765 -0.052714 0.998528 0.012806 0.947980 -0.849731 -0.051588 0.524687 0.074257 0.000000 0.000000 0.000000 1.000000
0.526621 0.017338 0.849923 -0.028117 -0.050831 0.998645 0.011123 0.947953 -0.848579 -0.049060 0.526789 0.076189 0.000000 0.000000 0.000000 1.000000
0.528501 0.017752 0.848747 -0.028418 -0.048588 0.998775 0.009364 0.947965 -0.847541 -0.046188 0.528716 0.077864 0.000000 0.000000 0.000000 1.000000
0.529887 0.017898 0.847879 -0.028543 -0.046742 0.998874 0.008126 0.947998 -0.846779 -0.043937 0.530127 0.079432 0.000000 0.000000 0.000000 1.000000
0.530686 0.017941 0.847378 -0.028626 -0.044862 0.998969 0.006945 0.948074 -0.846380 -0.041700 0.530944 0.080831 0.000000 0.000000 0.000000 1.000000
0.530791 0.017860 0.847315 -0.028703 -0.043202 0.999048 0.006005 0.948170 -0.846401 -0.039793 0.531057 0.082134 0.000000 0.000000 0.000000 1.000000
0.530166 0.017883 0.847705 -0.028760 -0.041733 0.999116 0.005024 0.948297 -0.846866 -0.038041 0.530444 0.083216 0.000000 0.000000 0.000000 1.000000
0.528979 0.017918 0.848446 -0.028803 -0.040288 0.999180 0.004017 0.948426 -0.847678 -0.036307 0.529267 0.084180 0.000000 0.000000 0.000000 1.000000
0.527373 0.017984 0.849443 -0.028832 -0.038897 0.999239 0.002994 0.948598 -0.848743 -0.034620 0.527671 0.084912 0.000000 0.000000 0.000000 1.000000
0.525455 0.018140 0.850628 -0.028844 -0.037623 0.999290 0.001931 0.948797 -0.849989 -0.033017 0.525764 0.085599 0.000000 0.000000 0.000000 1.000000
0.523235 0.018506 0.851987 -0.028834 -0.036567 0.999331 0.000750 0.949040 -0.851404 -0.031547 0.523562 0.086176 0.000000 0.000000 0.000000 1.000000
0.520757 0.019253 0.853488 -0.028793 -0.035832 0.999358 -0.000681 0.949264 -0.852952 -0.030227 0.521113 0.086490 0.000000 0.000000 0.000000 1.000000
0.517996 0.020565 0.855136 -0.028707 -0.035536 0.999365 -0.002507 0.949471 -0.854644 -0.029089 0.518398 0.086440 0.000000 0.000000 0.000000 1.000000
0.515130 0.022175 0.856825 -0.028597 -0.035579 0.999357 -0.004474 0.949630 -0.856373 -0.028180 0.515588 0.086155 0.000000 0.000000 0.000000 1.000000
0.512299 0.024208 0.858466 -0.028447 -0.036060 0.999327 -0.006661 0.949773 -0.858050 -0.027544 0.512827 0.085744 0.000000 0.000000 0.000000 1.000000
0.509859 0.026048 0.859864 -0.028247 -0.036690 0.999290 -0.008516 0.949906 -0.859475 -0.027207 0.510452 0.085331 0.000000 0.000000 0.000000 1.000000
0.507922 0.027849 0.860953 -0.027959 -0.037497 0.999245 -0.010200 0.950036 -0.860587 -0.027102 0.508583 0.084715 0.000000 0.000000 0.000000 1.000000
0.506660 0.029294 0.861648 -0.027561 -0.038222 0.999203 -0.011495 0.950187 -0.861298 -0.027110 0.507376 0.083928 0.000000 0.000000 0.000000 1.000000
0.505885 0.030736 0.862053 -0.027024 -0.039180 0.999152 -0.012632 0.950344 -0.861710 -0.027385 0.506661 0.082872 0.000000 0.000000 0.000000 1.000000
0.505449 0.032095 0.862259 -0.026332 -0.040213 0.999098 -0.013616 0.950490 -0.861919 -0.027792 0.506284 0.081680 0.000000 0.000000 0.000000 1.000000
0.505161 0.033430 0.862377 -0.025516 -0.041462 0.999036 -0.014440 0.950601 -0.862029 -0.028461 0.506060 0.080293 0.000000 0.000000 0.000000 1.000000
0.504874 0.034698 0.862495 -0.024566 -0.042892 0.998966 -0.015081 0.950672 -0.862126 -0.029380 0.505841 0.078790 0.000000 0.000000 0.000000 1.000000
0.504449 0.035899 0.862695 -0.023461 -0.044503 0.998888 -0.015543 0.950722 -0.862294 -0.030551 0.505486 0.077097 0.000000 0.000000 0.000000 1.000000
0.503866 0.037046 0.862987 -0.022232 -0.046301 0.998802 -0.015843 0.950742 -0.862540 -0.031974 0.504978 0.075312 0.000000 0.000000 0.000000 1.000000
0.503092 0.038131 0.863391 -0.020838 -0.048204 0.998709 -0.016019 0.950738 -0.862887 -0.033560 0.504281 0.073404 0.000000 0.000000 0.000000 1.000000
0.502237 0.039212 0.863840 -0.019311 -0.050264 0.998606 -0.016105 0.950733 -0.863268 -0.035332 0.503508 0.071317 0.000000 0.000000 0.000000 1.000000
0.501201 0.040141 0.864399 -0.017687 -0.052310 0.998502 -0.016038 0.950711 -0.863748 -0.037178 0.502550 0.069105 0.000000 0.000000 0.000000 1.000000
0.500202 0.041020 0.864937 -0.015919 -0.054373 0.998394 -0.015905 0.950697 -0.864200 -0.039074 0.501629 0.066736 0.000000 0.000000 0.000000 1.000000
0.498944 0.041484 0.865641 -0.014077 -0.056447 0.998288 -0.015306 0.950661 -0.864794 -0.041226 0.500432 0.064132 0.000000 0.000000 0.000000 1.000000
0.497689 0.041795 0.866348 -0.012085 -0.058559 0.998178 -0.014514 0.950602 -0.865377 -0.043509 0.499230 0.061428 0.000000 0.000000 0.000000 1.000000
0.496241 0.041857 0.867175 -0.010031 -0.060818 0.998059 -0.013372 0.950547 -0.866052 -0.046104 0.497824 0.058616 0.000000 0.000000 0.000000 1.000000
0.494745 0.041944 0.868025 -0.007833 -0.063224 0.997925 -0.012185 0.950501 -0.866735 -0.048851 0.496371 0.055739 0.000000 0.000000 0.000000 1.000000
0.493213 0.042131 0.868888 -0.005643 -0.065848 0.997769 -0.011003 0.950447 -0.867413 -0.051787 0.494887 0.052814 0.000000 0.000000 0.000000 1.000000
0.491721 0.042599 0.869710 -0.003424 -0.068773 0.997582 -0.009979 0.950388 -0.868033 -0.054906 0.493462 0.049899 0.000000 0.000000 0.000000 1.000000
0.490281 0.043208 0.870493 -0.001191 -0.071738 0.997382 -0.009102 0.950324 -0.868607 -0.057985 0.492097 0.046963 0.000000 0.000000 0.000000 1.000000
0.488924 0.044021 0.871215 0.001019 -0.074911 0.997155 -0.008345 0.950256 -0.869104 -0.061184 0.490831 0.044063 0.000000 0.000000 0.000000 1.000000
0.487587 0.044777 0.871925 0.003284 -0.078085 0.996918 -0.007530 0.950192 -0.869575 -0.064413 0.489581 0.041146 0.000000 0.000000 0.000000 1.000000
0.486316 0.045576 0.872594 0.005491 -0.081247 0.996671 -0.006776 0.950126 -0.869997 -0.067601 0.488400 0.038370 0.000000 0.000000 0.000000 1.000000
0.484994 0.046312 0.873290 0.007737 -0.084287 0.996423 -0.006032 0.950064 -0.870446 -0.070681 0.487163 0.035616 0.000000 0.000000 0.000000 1.000000
0.483653 0.047056 0.873994 0.009966 -0.087243 0.996173 -0.005355 0.950007 -0.870901 -0.073660 0.485907 0.032927 0.000000 0.000000 0.000000 1.000000
0.482325 0.047882 0.874682 0.012119 -0.090119 0.995919 -0.004824 0.949954 -0.871344 -0.076499 0.484672 0.030339 0.000000 0.000000 0.000000 1.000000
0.481050 0.048723 0.875338 0.014206 -0.092929 0.995663 -0.004351 0.949908 -0.871754 -0.079251 0.483491 0.027722 0.000000 0.000000 0.000000 1.000000
0.479891 0.049531 0.875929 0.016064 -0.095616 0.995411 -0.003902 0.949869 -0.872102 -0.081880 0.482424 0.025289 0.000000 0.000000 0.000000 1.000000
0.478895 0.050288 0.876431 0.017894 -0.098110 0.995169 -0.003491 0.949842 -0.872373 -0.084315 0.481515 0.022823 0.000000 0.000000 0.000000 1.000000
0.478004 0.050906 0.876881 0.019687 -0.100501 0.994933 -0.002975 0.949843 -0.872589 -0.086705 0.480698 0.020566 0.000000 0.000000 0.000000 1.000000
0.477253 0.051486 0.877256 0.021441 -0.102731 0.994706 -0.002490 0.949901 -0.872740 -0.088933 0.480016 0.018394 0.000000 0.000000 0.000000 1.000000
0.476531 0.051925 0.877623 0.023059 -0.104770 0.994495 -0.001952 0.949968 -0.872892 -0.091019 0.479348 0.016390 0.000000 0.000000 0.000000 1.000000
0.475878 0.052360 0.877951 0.024395 -0.106766 0.994283 -0.001427 0.950048 -0.873007 -0.093056 0.478748 0.014564 0.000000 0.000000 0.000000 1.000000
0.475268 0.052719 0.878260 0.025565 -0.108626 0.994082 -0.000889 0.950092 -0.873110 -0.094980 0.478182 0.012918 0.000000 0.000000 0.000000 1.000000
0.474782 0.053004 0.878506 0.026519 -0.110240 0.993905 -0.000388 0.950130 -0.873172 -0.096662 0.477732 0.011528 0.000000 0.000000 0.000000 1.000000
0.474487 0.053224 0.878652 0.027286 -0.111639 0.993749 0.000091 0.950136 -0.873155 -0.098135 0.477462 0.010336 0.000000 0.000000 0.000000 1.000000
0.474548 0.053349 0.878612 0.027856 -0.112749 0.993623 0.000565 0.950126 -0.872979 -0.099331 0.477537 0.009441 0.000000 0.000000 0.000000 1.000000
0.475122 0.053396 0.878299 0.028171 -0.113499 0.993538 0.000997 0.950119 -0.872569 -0.100160 0.478112 0.008834 0.000000 0.000000 0.000000 1.000000
0.476457 0.053437 0.877572 0.028248 -0.113978 0.993482 0.001386 0.950110 -0.871778 -0.100684 0.479443 0.008542 0.000000 0.000000 0.000000 1.000000
0.478606 0.053407 0.876404 0.028114 -0.114086 0.993469 0.001762 0.950095 -0.870586 -0.100829 0.481573 0.008497 0.000000 0.000000 0.000000 1.000000
0.481561 0.053365 0.874786 0.027676 -0.114040 0.993474 0.002172 0.950066 -0.868961 -0.100806 0.484504 0.008789 0.000000 0.000000 0.000000 1.000000
0.485260 0.053303 0.872744 0.026931 -0.113721 0.993509 0.002552 0.950015 -0.866943 -0.100488 0.488172 0.009376 0.000000 0.000000 0.000000 1.000000
0.489506 0.053217 0.870375 0.025831 -0.113103 0.993579 0.002860 0.949911 -0.864634 -0.099842 0.492382 0.010383 0.000000 0.000000 0.000000 1.000000
0.494122 0.053188 0.867764 0.024379 -0.112219 0.993679 0.002994 0.949736 -0.862120 -0.098859 0.496967 0.011591 0.000000 0.000000 0.000000 1.000000
0.498938 0.053121 0.865008 0.022647 -0.110901 0.993827 0.002936 0.949545 -0.859513 -0.097395 0.501749 0.013009 0.000000 0.000000 0.000000 1.000000
0.503909 0.053106 0.862123 0.020582 -0.109181 0.994018 0.002585 0.949347 -0.856828 -0.095430 0.506693 0.014612 0.000000 0.000000 0.000000 1.000000
0.508977 0.053017 0.859146 0.018261 -0.107043 0.994252 0.002061 0.949135 -0.854099 -0.093015 0.511726 0.016385 0.000000 0.000000 0.000000 1.000000
0.514232 0.052852 0.856021 0.015617 -0.104513 0.994523 0.001380 0.948902 -0.851260 -0.090175 0.516939 0.018413 0.000000 0.000000 0.000000 1.000000
0.519763 0.052469 0.852698 0.012826 -0.101620 0.994823 0.000729 0.948639 -0.848245 -0.087030 0.522404 0.020508 0.000000 0.000000 0.000000 1.000000
0.525666 0.051796 0.849112 0.009878 -0.098243 0.995162 0.000115 0.948325 -0.844999 -0.083480 0.528212 0.022781 0.000000 0.000000 0.000000 1.000000
0.531983 0.050827 0.845228 0.006928 -0.094399 0.995534 -0.000452 0.947924 -0.841477 -0.079548 0.534405 0.025092 0.000000 0.000000 0.000000 1.000000
0.538601 0.049569 0.841102 0.003943 -0.090187 0.995924 -0.000942 0.947412 -0.837720 -0.075349 0.540876 0.027398 0.000000 0.000000 0.000000 1.000000
0.545425 0.048074 0.836780 0.000978 -0.085642 0.996325 -0.001418 0.946754 -0.833773 -0.070890 0.547538 0.029815 0.000000 0.000000 0.000000 1.000000
0.552156 0.046346 0.832452 -0.001904 -0.081010 0.996712 -0.001758 0.945976 -0.829796 -0.066466 0.554095 0.032181 0.000000 0.000000 0.000000 1.000000
0.558677 0.044419 0.828195 -0.004715 -0.076284 0.997084 -0.002018 0.945083 -0.825870 -0.062051 0.560436 0.034617 0.000000 0.000000 0.000000 1.000000
0.564953 0.042258 0.824041 -0.007281 -0.071556 0.997434 -0.002093 0.944093 -0.822015 -0.057782 0.566527 0.036953 0.000000 0.000000 0.000000 1.000000
0.571042 0.039848 0.819953 -0.009629 -0.066858 0.997761 -0.001927 0.943029 -0.818193 -0.053720 0.572428 0.039214 0.000000 0.000000 0.000000 1.000000
0.577167 0.037116 0.815782 -0.011633 -0.062220 0.998061 -0.001388 0.941952 -0.814252 -0.049957 0.578358 0.041344 0.000000 0.000000 0.000000 1.000000
0.583457 0.034025 0.811431 -0.013339 -0.057582 0.998341 -0.000458 0.940954 -0.810100 -0.046457 0.584448 0.043281 0.000000 0.000000 0.000000 1.000000
0.589985 0.030559 0.806835 -0.014733 -0.053218 0.998582 0.001094 0.940081 -0.805658 -0.043583 0.590775 0.045027 0.000000 0.000000 0.000000 1.000000
0.596661 0.026856 0.802044 -0.015791 -0.048632 0.998813 0.002734 0.939362 -0.801018 -0.040636 0.597259 0.046592 0.000000 0.000000 0.000000 1.000000
0.603293 0.023006 0.797188 -0.016514 -0.044280 0.999008 0.004680 0.938783 -0.796289 -0.038123 0.603713 0.047869 0.000000 0.000000 0.000000 1.000000
0.609692 0.019212 0.792405 -0.017013 -0.040214 0.999169 0.006717 0.938333 -0.791617 -0.035961 0.609958 0.048879 0.000000 0.000000 0.000000 1.000000
0.615822 0.015486 0.787733 -0.017074 -0.036297 0.999303 0.008730 0.937983 -0.787049 -0.033968 0.615955 0.049694 0.000000 0.000000 0.000000 1.000000
0.621586 0.012052 0.783253 -0.016740 -0.033062 0.999394 0.010859 0.937689 -0.782648 -0.032646 0.621608 0.050423 0.000000 0.000000 0.000000 1.000000
0.627073 0.008821 0.778911 -0.016312 -0.029907 0.999471 0.012758 0.937455 -0.778386 -0.031295 0.627005 0.050844 0.000000 0.000000 0.000000 1.000000
0.632188 0.006003 0.774792 -0.015501 -0.027305 0.999521 0.014536 0.937229 -0.774333 -0.030345 0.632050 0.050996 0.000000 0.000000 0.000000 1.000000
0.636921 0.003604 0.770921 -0.014598 -0.025227 0.999551 0.016170 0.937078 -0.770516 -0.029747 0.636726 0.050619 0.000000 0.000000 0.000000 1.000000
0.641226 0.001839 0.767350 -0.013214 -0.023533 0.999574 0.017269 0.936981 -0.766991 -0.029132 0.640996 0.050059 0.000000 0.000000 0.000000 1.000000
0.645105 0.000655 0.764093 -0.011792 -0.022550 0.999580 0.018181 0.936999 -0.763761 -0.028958 0.644849 0.049139 0.000000 0.000000 0.000000 1.000000
0.648538 0.000162 0.761182 -0.010150 -0.022269 0.999576 0.018761 0.937107 -0.760857 -0.029118 0.648267 0.047885 0.000000 0.000000 0.000000 1.000000
0.651675 0.000090 0.758498 -0.008555 -0.022259 0.999572 0.019006 0.937333 -0.758171 -0.029269 0.651398 0.046282 0.000000 0.000000 0.000000 1.000000
0.654540 0.000335 0.756027 -0.006839 -0.022508 0.999565 0.019044 0.937668 -0.755692 -0.029482 0.654263 0.044381 0.000000 0.000000 0.000000 1.000000
0.657205 0.000810 0.753711 -0.005007 -0.022779 0.999564 0.018788 0.938115 -0.753368 -0.029516 0.656937 0.042164 0.000000 0.000000 0.000000 1.000000
0.659599 0.001329 0.751617 -0.003099 -0.022863 0.999571 0.018296 0.938628 -0.751270 -0.029252 0.659346 0.039869 0.000000 0.000000 0.000000 1.000000
0.661726 0.002070 0.749743 -0.001173 -0.023144 0.999576 0.017667 0.939198 -0.749389 -0.029042 0.661493 0.037202 0.000000 0.000000 0.000000 1.000000
0.663585 0.003078 0.748095 0.000693 -0.023494 0.999584 0.016728 0.939753 -0.747732 -0.028676 0.663381 0.034562 0.000000 0.000000 0.000000 1.000000
0.665223 0.004535 0.746631 0.002503 -0.024045 0.999593 0.015352 0.940284 -0.746257 -0.028165 0.665062 0.031750 0.000000 0.000000 0.000000 1.000000
0.666690 0.006550 0.745306 0.004220 -0.024779 0.999603 0.013381 0.940802 -0.744923 -0.027389 0.666588 0.028993 0.000000 0.000000 0.000000 1.000000
0.668085 0.009063 0.744029 0.005861 -0.025594 0.999614 0.010805 0.941308 -0.743644 -0.026261 0.668060 0.026339 0.000000 0.000000 0.000000 1.000000
0.669437 0.012074 0.742771 0.007444 -0.026679 0.999614 0.007797 0.941801 -0.742390 -0.025036 0.669500 0.023641 0.000000 0.000000 0.000000 1.000000
0.670818 0.015591 0.741458 0.008851 -0.027977 0.999599 0.004293 0.942284 -0.741094 -0.023623 0.670986 0.021122 0.000000 0.000000 0.000000 1.000000
0.672206 0.019494 0.740107 0.010207 -0.029581 0.999562 0.000540 0.942757 -0.739773 -0.022256 0.672489 0.018674 0.000000 0.000000 0.000000 1.000000
0.673678 0.023464 0.738653 0.011407 -0.031232 0.999507 -0.003266 0.943224 -0.738365 -0.020869 0.674078 0.016475 0.000000 0.000000 0.000000 1.000000
0.675260 0.027175 0.737079 0.012624 -0.033008 0.999433 -0.006608 0.943691 -0.736841 -0.019868 0.675774 0.014279 0.000000 0.000000 0.000000 1.000000
0.676971 0.030137 0.735392 0.013947 -0.034345 0.999366 -0.009338 0.944161 -0.735208 -0.018935 0.677577 0.012065 0.000000 0.000000 0.000000 1.000000
0.678660 0.032275 0.733743 0.015352 -0.035410 0.999310 -0.011205 0.944636 -0.733599 -0.018378 0.679335 0.009676 0.000000 0.000000 0.000000 1.000000
0.680009 0.033801 0.732424 0.016839 -0.036238 0.999265 -0.012470 0.945114 -0.732308 -0.018062 0.680734 0.007402 0.000000 0.000000 0.000000 1.000000
0.680657 0.034753 0.731778 0.018195 -0.037033 0.999229 -0.013009 0.945601 -0.731666 -0.018245 0.681419 0.005326 0.000000 0.000000 0.000000 1.000000
0.680240 0.035800 0.732115 0.019474 -0.038312 0.999178 -0.013261 0.946089 -0.731987 -0.019028 0.681052 0.003544 0.000000 0.000000 0.000000 1.000000
0.678650 0.036821 0.733538 0.020678 -0.039833 0.999118 -0.013299 0.946578 -0.733381 -0.020193 0.679518 0.001951 0.000000 0.000000 0.000000 1.000000
0.675838 0.038053 0.736067 0.021788 -0.041920 0.999034 -0.013158 0.947068 -0.735857 -0.021963 0.676780 0.000527 0.000000 0.000000 0.000000 1.000000
0.671979 0.039363 0.739523 0.022823 -0.044284 0.998935 -0.012932 0.947560 -0.739245 -0.024059 0.673007 -0.000727 0.000000 0.000000 0.000000 1.000000
0.667462 0.040747 0.743528 0.023727 -0.046734 0.998826 -0.012786 0.948051 -0.743176 -0.026214 0.668582 -0.001860 0.000000 0.000000 0.000000 1.000000
0.662516 0.042345 0.747850 0.024511 -0.049303 0.998701 -0.012873 0.948538 -0.747424 -0.028343 0.663743 -0.002969 0.000000 0.000000 0.000000 1.000000
0.657388 0.043888 0.752273 0.025242 -0.051545 0.998583 -0.013215 0.948912 -0.751787 -0.030088 0.658719 -0.004030 0.000000 0.000000 0.000000 1.000000
0.651932 0.045319 0.756922 0.025908 -0.053830 0.998460 -0.013417 0.949147 -0.756364 -0.031999 0.653368 -0.005209 0.000000 0.000000 0.000000 1.000000
0.646021 0.046409 0.761907 0.026628 -0.055795 0.998351 -0.013503 0.949255 -0.761277 -0.033787 0.647546 -0.006243 0.000000 0.000000 0.000000 1.000000
0.639940 0.047149 0.766977 0.027317 -0.057719 0.998246 -0.013207 0.949239 -0.766254 -0.035818 0.641539 -0.007279 0.000000 0.000000 0.000000 1.000000
0.634963 0.047750 0.771066 0.027984 -0.058967 0.998172 -0.013256 0.949130 -0.770289 -0.037051 0.636618 -0.008126 0.000000 0.000000 0.000000 1.000000
0.630133 0.048335 0.774982 0.028479 -0.060107 0.998102 -0.013378 0.948944 -0.774157 -0.038152 0.631842 -0.009001 0.000000 0.000000 0.000000 1.000000
0.625418 0.048908 0.778756 0.028861 -0.061164 0.998036 -0.013558 0.948702 -0.777889 -0.039152 0.627181 -0.009838 0.000000 0.000000 0.000000 1.000000
0.620820 0.049474 0.782390 0.029163 -0.062144 0.997972 -0.013796 0.948342 -0.781486 -0.040056 0.622636 -0.010497 0.000000 0.000000 0.000000 1.000000
0.616331 0.050030 0.785897 0.029427 -0.063044 0.997911 -0.014086 0.947970 -0.784960 -0.040865 0.618197 -0.011124 0.000000 0.000000 0.000000 1.000000
0.611937 0.050579 0.789287 0.029660 -0.063873 0.997854 -0.014422 0.947585 -0.788323 -0.041589 0.613855 -0.011640 0.000000 0.000000 0.000000 1.000000
0.607634 0.051121 0.792570 0.029863 -0.064639 0.997799 -0.014802 0.947188 -0.791583 -0.042237 0.609601 -0.012046 0.000000 0.000000 0.000000 1.000000
0.603423 0.051660 0.795746 0.030019 -0.065343 0.997747 -0.015224 0.946778 -0.794740 -0.042810 0.605439 -0.012280 0.000000 0.000000 0.000000 1.000000
0.599287 0.052199 0.798831 0.030178 -0.065999 0.997696 -0.015680 0.946359 -0.797809 -0.043325 0.601351 -0.012215 0.000000 0.000000 0.000000 1.000000
0.595219 0.052736 0.801831 0.030317 -0.066610 0.997648 -0.016169 0.945929 -0.800798 -0.043786 0.597332 -0.011918 0.000000 0.000000 0.000000 1.000000
0.591216 0.053269 0.804752 0.030462 -0.067170 0.997602 -0.016687 0.945491 -0.803712 -0.044190 0.593376 -0.011455 0.000000 0.000000 0.000000 1.000000
0.587269 0.053806 0.807601 0.030585 -0.067701 0.997557 -0.017230 0.945046 -0.806555 -0.044557 0.589477 -0.010802 0.000000 0.000000 0.000000 1.000000
0.583368 0.054341 0.810388 0.030728 -0.068197 0.997513 -0.017796 0.944594 -0.809340 -0.044884 0.585624 -0.010094 0.000000 0.000000 0.000000 1.000000
0.579507 0.054874 0.813118 0.030824 -0.068660 0.997471 -0.018381 0.944135 -0.812070 -0.045177 0.581809 -0.009334 0.000000 0.000000 0.000000 1.000000
0.575678 0.055413 0.815797 0.030887 -0.069111 0.997428 -0.018981 0.943665 -0.814751 -0.045453 0.578027 -0.008532 0.000000 0.000000 0.000000 1.000000
0.571872 0.055947 0.818433 0.030863 -0.069533 0.997387 -0.019595 0.943194 -0.817391 -0.045702 0.574268 -0.007688 0.000000 0.000000 0.000000 1.000000
0.568079 0.056478 0.821033 0.030767 -0.069935 0.997347 -0.020219 0.942720 -0.819997 -0.045933 0.570522 -0.006809 0.000000 0.000000 0.000000 1.000000
0.564296 0.057011 0.823602 0.030473 -0.070329 0.997306 -0.020849 0.942243 -0.822572 -0.046158 0.566785 -0.005902 0.000000 0.000000 0.000000 1.000000
0.560508 0.057545 0.826147 0.029982 -0.070721 0.997265 -0.021483 0.941765 -0.825124 -0.046384 0.563044 -0.004973 0.000000 0.000000 0.000000 1.000000
0.556710 0.058082 0.828674 0.029251 -0.071118 0.997223 -0.022118 0.941284 -0.827657 -0.046620 0.559295 -0.004027 0.000000 0.000000 0.000000 1.000000
0.552893 0.058621 0.831188 0.028248 -0.071525 0.997179 -0.022750 0.940804 -0.830177 -0.046872 0.555526 -0.003070 0.000000 0.000000 0.000000 1.000000
0.549049 0.059167 0.833693 0.026561 -0.071959 0.997134 -0.023376 0.940324 -0.832687 -0.047157 0.551733 -0.002109 0.000000 0.000000 0.000000 1.000000
0.545171 0.059726 0.836195 0.023886 -0.072436 0.997084 -0.023992 0.939845 -0.835190 -0.047491 0.547907 -0.001153 0.000000 0.000000 0.000000 1.000000
0.541247 0.060288 0.838700 0.020819 -0.072943 0.997033 -0.024596 0.939367 -0.837694 -0.047864 0.544038 -0.000203 0.000000 0.000000 0.000000 1.000000
0.537269 0.060851 0.841213 0.017476 -0.073480 0.996979 -0.025188 0.938891 -0.840204 -0.048279 0.540117 0.000736 0.000000 0.000000 0.000000 1.000000
0.533223 0.061413 0.843742 0.013984 -0.074051 0.996922 -0.025764 0.938418 -0.842727 -0.048742 0.536129 0.001659 0.000000 0.000000 0.000000 1.000000
0.529104 0.061972 0.846291 0.010471 -0.074657 0.996862 -0.026322 0.937948 -0.845267 -0.049254 0.532070 0.002560 0.000000 0.000000 0.000000 1.000000
0.524900 0.062530 0.848864 0.007059 -0.075307 0.996799 -0.026861 0.937477 -0.847826 -0.049826 0.527929 0.003420 0.000000 0.000000 0.000000 1.000000
0.522767 0.062863 0.850155 0.004214 -0.075738 0.996759 -0.027131 0.937236 -0.849105 -0.050206 0.525833 0.005612 0.000000 0.000000 0.000000 1.000000
0.523096 0.062963 0.849945 0.001761 -0.075737 0.996756 -0.027226 0.937237 -0.848902 -0.050130 0.526167 0.009160 0.000000 0.000000 0.000000 1.000000
0.523690 0.063070 0.849571 -0.000717 -0.075544 0.996765 -0.027430 0.937230 -0.848553 -0.049815 0.526760 0.012693 0.000000 0.000000 0.000000 1.000000
0.524518 0.063181 0.849052 -0.003212 -0.075164 0.996785 -0.027740 0.937220 -0.848075 -0.049268 0.527581 0.016229 0.000000 0.000000 0.000000 1.000000
0.525550 0.063293 0.848405 -0.005721 -0.074579 0.996817 -0.028166 0.937211 -0.847487 -0.048470 0.528598 0.019774 0.000000 0.000000 0.000000 1.000000
0.526691 0.063408 0.847688 -0.008238 -0.073821 0.996858 -0.028700 0.937200 -0.846845 -0.047461 0.529717 0.023330 0.000000 0.000000 0.000000 1.000000
0.527986 0.063528 0.846874 -0.010758 -0.072904 0.996908 -0.029331 0.937187 -0.846118 -0.046254 0.530985 0.026901 0.000000 0.000000 0.000000 1.000000
0.529225 0.063654 0.846090 -0.013276 -0.071830 0.996963 -0.030076 0.937170 -0.845436 -0.044858 0.532190 0.030488 0.000000 0.000000 0.000000 1.000000
0.530315 0.063784 0.845398 -0.015787 -0.070600 0.997025 -0.030937 0.937174 -0.844856 -0.043279 0.533241 0.034096 0.000000 0.000000 0.000000 1.000000
0.530989 0.063918 0.844965 -0.018285 -0.069230 0.997090 -0.031921 0.937197 -0.844546 -0.041547 0.533868 0.037726 0.000000 0.000000 0.000000 1.000000
0.531211 0.064051 0.844815 -0.020766 -0.067713 0.997158 -0.033024 0.937236 -0.844529 -0.039662 0.534039 0.041383 0.000000 0.000000 0.000000 1.000000
0.530958 0.064197 0.844963 -0.023223 -0.066082 0.997227 -0.034241 0.937265 -0.844818 -0.037656 0.533727 0.045067 0.000000 0.000000 0.000000 1.000000
0.530306 0.064347 0.845361 -0.025654 -0.064331 0.997295 -0.035556 0.937293 -0.845362 -0.035527 0.533011 0.048786 0.000000 0.000000 0.000000 1.000000
0.529282 0.064492 0.845991 -0.028056 -0.062452 0.997363 -0.036959 0.937328 -0.846144 -0.033272 0.531914 0.052548 0.000000 0.000000 0.000000 1.000000
0.527810 0.064655 0.846898 -0.030419 -0.060503 0.997428 -0.038440 0.937341 -0.847205 -0.030950 0.530364 0.056347 0.000000 0.000000 0.000000 1.000000
0.526099 0.064828 0.847949 -0.032743 -0.058472 0.997488 -0.039983 0.937337 -0.848411 -0.028546 0.528568 0.060277 0.000000 0.000000 0.000000 1.000000
0.524330 0.065009 0.849030 -0.035026 -0.056374 0.997544 -0.041566 0.937313 -0.849647 -0.026069 0.526707 0.064093 0.000000 0.000000 0.000000 1.000000
0.522544 0.065208 0.850115 -0.037262 -0.054244 0.997594 -0.043178 0.937107 -0.850885 -0.023551 0.524824 0.068391 0.000000 0.000000 0.000000 1.000000
0.520985 0.065412 0.851056 -0.039461 -0.052065 0.997638 -0.044806 0.936719 -0.851976 -0.020967 0.523160 0.072720 0.000000 0.000000 0.000000 1.000000
0.519369 0.065623 0.852027 -0.041222 -0.049845 0.997676 -0.046457 0.936304 -0.853095 -0.018341 0.521433 0.076734 0.000000 0.000000 0.000000 1.000000
0.518087 0.065844 0.852790 -0.042929 -0.047614 0.997707 -0.048106 0.935859 -0.854002 -0.015682 0.520034 0.080407 0.000000 0.000000 0.000000 1.000000
0.517203 0.066074 0.853308 -0.044563 -0.045383 0.997730 -0.049750 0.935388 -0.854659 -0.012995 0.519028 0.083681 0.000000 0.000000 0.000000 1.000000
0.516955 0.066316 0.853440 -0.046018 -0.043175 0.997746 -0.051376 0.934962 -0.854923 -0.010288 0.518653 0.086324 0.000000 0.000000 0.000000 1.000000
0.517030 0.066596 0.853373 -0.047234 -0.041164 0.997750 -0.052923 0.934605 -0.854977 -0.007765 0.518608 0.088464 0.000000 0.000000 0.000000 1.000000
0.517170 0.066881 0.853266 -0.048172 -0.039120 0.997747 -0.054494 0.934357 -0.854988 -0.005197 0.518621 0.090039 0.000000 0.000000 0.000000 1.000000
0.517322 0.067158 0.853152 -0.048803 -0.037021 0.997739 -0.056092 0.934217 -0.854990 -0.002568 0.518638 0.091147 0.000000 0.000000 0.000000 1.000000
0.517485 0.067431 0.853031 -0.049100 -0.034910 0.997724 -0.057690 0.934183 -0.854980 0.000074 0.518661 0.091668 0.000000 0.000000 0.000000 1.000000
0.517688 0.067695 0.852887 -0.049080 -0.032821 0.997702 -0.059268 0.934247 -0.854940 0.002689 0.518720 0.091625 0.000000 0.000000 0.000000 1.000000
0.517928 0.067953 0.852721 -0.048845 -0.030790 0.997675 -0.060803 0.934401 -0.854870 0.005236 0.518816 0.091044 0.000000 0.000000 0.000000 1.000000
0.518199 0.068206 0.852536 -0.048339 -0.028871 0.997642 -0.062266 0.934607 -0.854772 0.007652 0.518947 0.090085 0.000000 0.000000 0.000000 1.000000
0.518504 0.068460 0.852330 -0.047739 -0.027109 0.997605 -0.063637 0.934851 -0.854646 0.009890 0.519118 0.088851 0.000000 0.000000 0.000000 1.000000
0.518841 0.068716 0.852105 -0.047053 -0.025539 0.997565 -0.064896 0.935089 -0.854489 0.011908 0.519333 0.087353 0.000000 0.000000 0.000000 1.000000
0.519212 0.068970 0.851858 -0.046315 -0.024194 0.997525 -0.066017 0.935313 -0.854303 0.013667 0.519595 0.085694 0.000000 0.000000 0.000000 1.000000
0.519621 0.069230 0.851588 -0.045466 -0.023145 0.997487 -0.066969 0.935510 -0.854083 0.015088 0.519917 0.083687 0.000000 0.000000 0.000000 1.000000
0.520207 0.069536 0.851205 -0.044617 -0.023183 0.997462 -0.067316 0.935681 -0.853725 0.015284 0.520499 0.081491 0.000000 0.000000 0.000000 1.000000
0.520943 0.069870 0.850727 -0.043604 -0.024153 0.997452 -0.067131 0.935810 -0.853249 0.014424 0.521303 0.078840 0.000000 0.000000 0.000000 1.000000
0.521732 0.070221 0.850215 -0.042561 -0.025739 0.997449 -0.066587 0.935890 -0.852721 0.012856 0.522208 0.075837 0.000000 0.000000 0.000000 1.000000
0.522598 0.070578 0.849653 -0.041316 -0.027623 0.997446 -0.065864 0.935903 -0.852132 0.010950 0.523213 0.072464 0.000000 0.000000 0.000000 1.000000
0.523606 0.070942 0.849001 -0.039894 -0.029713 0.997441 -0.065021 0.935855 -0.851442 0.008818 0.524375 0.068747 0.000000 0.000000 0.000000 1.000000
0.524958 0.071329 0.848134 -0.038349 -0.032174 0.997433 -0.063971 0.935760 -0.850520 0.006294 0.525905 0.064730 0.000000 0.000000 0.000000 1.000000
0.526728 0.071738 0.847001 -0.036502 -0.035009 0.997418 -0.062707 0.935615 -0.849313 0.003377 0.527879 0.060295 0.000000 0.000000 0.000000 1.000000
0.528933 0.072164 0.845590 -0.034415 -0.038077 0.997393 -0.061301 0.935445 -0.847809 0.000226 0.530302 0.055585 0.000000 0.000000 0.000000 1.000000
0.531553 0.072599 0.843908 -0.031957 -0.041356 0.997356 -0.059751 0.935253 -0.846015 -0.003140 0.533150 0.050449 0.000000 0.000000 0.000000 1.000000
0.534442 0.073059 0.842042 -0.029222 -0.044941 0.997304 -0.058006 0.935036 -0.844010 -0.006841 0.536284 0.045111 0.000000 0.000000 0.000000 1.000000
0.537567 0.073514 0.840010 -0.026168 -0.048861 0.997234 -0.056005 0.934822 -0.841804 -0.010937 0.539672 0.039429 0.000000 0.000000 0.000000 1.000000
0.540874 0.073978 0.837844 -0.022828 -0.053110 0.997141 -0.053758 0.934579 -0.839425 -0.015421 0.543256 0.033584 0.000000 0.000000 0.000000 1.000000
